6113 VJ! del 1111111111(

((1111 1111111111 11131 fimplecn
1111111131, (11 1(111οε(11111,,;1(1(11
11 s 1113111111111111( (1 311111310111111
{⁶ ’1311111 fin dfe medxcamentos seem,
3, ἕ, 2³} 111( (31111 (511(11 1ο](11(111111(1(1(1
((111 ra (111111 11 (11111136111111111111111111
133331 ((11.1 (1111101111111111111 3111111111 del
W 111111131311311113 (1301113111,
(1( (1111111,11111, 3101311111(
111111 1.( 3111(1 1111111111) dcl
111111,(11111131111111111,31 (1(
111111113,11(11131111(1,31(1311(
(11111111 1111(11(1(1(111(1(1
(1 11(,11111111(1111(11 (3333g05 311
,11111111 ((1111 diae (11111111 en
13(1(1 3333 (11311311 17111
1111111111 111111 3111111111
1111111 (111313111111. (1111(- ’Ἰ
3333333 (1((113111111111 (11 (1 as
11311113 (3111(,3 3130131131(
fe (1111111101 (1111111111) ((1
11111 son 111( (1( 11 fayz (111111

3 de 1111(111(11(1(1111,311111111
(1111111111131111111111113
’ 13133

 

