§5555 9191111191

919191191991191119991Ϋ19
611111 1111999 191911991999
555 999 14 999919919191919
“ 119,(11191919991911191199199119
1919191191111111 1991999111 -
91911 1999911999 ,99919 1191999
{j ᾒῑῗζζ 9199919 999919 11999919 9199·
99999 999919(1999191111119111919991191’-
111119 ι· 11111 19191 ra 1111119191 1199919199
”””’ ,afro ”’ 11119 9, 991919191991919919119
11919991999119911991911999
111191111119, 0 111 1919 1999191991 9119111)
5555 9999119199 1 9191, 9911111
1911991999999199999911
191 1911119199199919 9119119 ¹
555 999111 999911999191119
9911991199119991911 1919191 ce
1991999199911111111 9119 119
19119 550 919 ne 91191919 9191991
555 5 5:55 991911 119 1919911991119,
1911199 91999911111119191919
999191 911919 1991111 19111999·
1911 , 91999999111999 prinei,

919, 991 9191119 119 91 19919199
5555·-

 

