6111 CV. del 111111νὶ1111

3333 c 11 111111 (1111111115 na (1 tex}
((1 14 (11111111111311111111111111
11111111111111111111111111111 plici&
(11111111 111111 1111161111( 1111111,
,1111111111 1111111 1111110111 1011111111
compre-heodi- 111ςυ1111 , nec
(11111ἶ1-111111111111,1111111 111111111-
(111111111111,1101111111111111,
11, 31*- 111111111111136 1111111111)

.. , (1111011111111111111111111
11111,111111(111,1(1111111111111111111
1111111111, 11111111111111111111

1 111111 11111111 1111111,(11111((1111
11111111 111111 11111111111111111111 ’

1111 1 (1111113 111, (11113 1111111111
(1111111111 1,111111(11111111

112311111111111111111111111111111
111111111111 (1111111111)
1111111 111111111111111111111

1311111111 111 (11111111 1111111111ι
’11111111113111111111111110111
11 11111111111111111111111111111
11111111 1111111111011111,

 

