44 ·4444 4444744447444444ὢ444

44444 74444 7444 44744 4444444 44444
344:- 4 444 ··4··444 ..7444444444
74444444 4444444444·- 74444 4744444
- 7444444 4444447 444 4444444444·
44 74 474444444444444444444
4444444 [4444444 4444444444
4444444 444ν,74 lsm’go 244444l
44444 ,4 44 44 44- 444. 4444444
74444 74474744 4444,me
444 444444444444 744. v„ ·”474 assi
444444, 4444· 44. 44444444444
4443 ‘⁷744 74444· 4g444444del4444
44444 ·..4444 4444444444444744
44474744· 4444· 44· 444 44444474 44
444444444444444444444447444.
4444448444,74454444 ’444444
4444444 7444444444 4444... 44444444,-
444444 444444 4444444, 744444 74444444
444 7444444 4447444444
[1444 4444444 4-4.. 47444 4474444
4444 4444744444 444444 444444 4
4444 7444444464 4444444 q
444 ·

 

